recall = 93.899204244%
precision = 71.3709677419%